     0.00      0.00      0.00       0.00        0.00        0.00       0.00         0.00         0.00    0.00     543211.57    4353541.62  
    60.00      0.15    324.18      60.00        0.06       -0.05       0.06         0.08       324.18    0.07     543211.52    4353541.68  
    70.00      0.30    303.56      70.00        0.09       -0.08       0.10         0.12       319.64    0.50     543211.49    4353541.71  
    80.00      0.35    335.35      80.00        0.13       -0.11       0.15         0.17       319.98    0.55     543211.46    4353541.75  
    90.00      0.20    329.45      90.00        0.17       -0.13       0.18         0.22       322.87    0.46     543211.44    4353541.79  
   100.00      0.24    302.82     100.00        0.20       -0.16       0.22         0.26       321.70    0.33     543211.41    4353541.82  
   110.00      0.36    335.28     110.00        0.24       -0.19       0.26         0.31       321.82    0.61     543211.38    4353541.86  
   120.00      0.24    344.95     120.00        0.29       -0.21       0.29         0.36       324.32    0.39     543211.36    4353541.91  
   130.00      0.16    309.68     130.00        0.32       -0.22       0.32         0.39       324.89    0.43     543211.35    4353541.94  
   140.00      0.27    229.26     140.00        0.31       -0.25       0.34         0.40       321.01    0.87     543211.32    4353541.93  
   150.00      0.36    321.84     150.00        0.32       -0.29       0.38         0.43       317.95    1.38     543211.28    4353541.94  
   160.00      0.20    346.39     160.00        0.36       -0.31       0.42         0.48       319.20    0.59     543211.26    4353541.98  
   170.00      0.15    336.96     170.00        0.39       -0.32       0.44         0.51       320.55    0.17     543211.25    4353542.01  
   180.00      0.10    332.41     180.00        0.41       -0.33       0.45         0.53       321.14    0.15     543211.24    4353542.03  
   190.00      0.13    324.02     190.00        0.43       -0.34       0.47         0.55       321.38    0.10     543211.23    4353542.05  
   200.00      0.12    355.77     200.00        0.45       -0.35       0.48         0.57       322.03    0.21     543211.22    4353542.07  
   210.00      0.16    352.33     210.00        0.47       -0.35       0.49         0.59       323.28    0.12     543211.22    4353542.09  
   220.00      0.22    301.00     220.00        0.50       -0.37       0.52         0.62       323.24    0.52     543211.20    4353542.12  
   230.00      0.00    264.77     230.00        0.51       -0.39       0.54         0.64       322.58    0.66     543211.18    4353542.13  
   240.00      0.12    271.77     240.00        0.51       -0.40       0.55         0.64       321.86    0.36     543211.17    4353542.13  
   250.00      0.04    341.68     250.00        0.51       -0.41       0.56         0.65       321.26    0.34     543211.16    4353542.13  
   260.00      0.09     89.13     260.00        0.51       -0.40       0.55         0.65       321.91    0.33     543211.17    4353542.13  
   292.10      0.21     30.08     292.10        0.56       -0.35       0.52         0.66       328.38    0.17     543211.22    4353542.18  
   311.00      2.07     11.91     310.99        0.93       -0.26       0.56         0.96       344.38    2.97     543211.31    4353542.55
   336.04      4.55     10.82     335.99        2.35        0.02       0.78         2.35         0.49    2.97     543211.59    4353543.97  
   348.68      5.27     10.37     348.58        3.41        0.22       0.95         3.42         3.67    1.71     543211.79    4353545.03  
   377.20      7.01      6.68     376.94        6.43        0.66       1.56         6.46         5.84    1.88     543212.23    4353548.05  
   405.76      9.53    359.91     405.20       10.52        0.86       2.76        10.56         4.65    2.83     543212.42    4353552.14  
   434.58     11.52    351.43     433.54       15.76        0.42       4.94        15.76         1.54    2.62     543211.99    4353557.38  
   463.29     13.33    345.15     461.57       21.79       -0.85       8.18        21.81       357.76    2.36     543210.72    4353563.41  
   499.00     15.47    346.57     496.16       30.40       -3.01      13.13        30.55       354.34    1.82     543208.56    4353572.02
   507.23     15.96    346.84     504.08       32.57       -3.53      14.35        32.76       353.82    1.82     543208.04    4353574.19  
   535.88     15.68    354.81     531.65       40.26       -4.77      18.12        40.54       353.24    2.29     543206.80    4353581.88  
   564.57     15.39    354.11     559.29       47.91       -5.51      21.41        48.23       353.43    0.36     543206.05    4353589.53  
   593.51     17.87    349.99     587.02       56.11       -6.68      25.28        56.50       353.21    2.85     543204.89    4353597.73  
   623.39     20.44    340.21     615.25       65.53       -9.25      30.89        66.18       351.97    4.12     543202.32    4353607.15  
   650.85     22.83    334.04     640.78       74.84      -13.20      37.76        75.99       350.00    3.60     543198.37    4353616.46  
   679.91     24.26    328.54     667.42       85.00      -18.79      46.46        87.05       347.54    2.70     543192.78    4353626.62  
   708.75     24.94    323.56     693.65       94.95      -25.49      56.14        98.31       344.97    2.27     543186.08    4353636.57  
   738.38     27.92    318.65     720.18      105.18      -33.79      67.41       110.48       342.19    3.74     543177.78    4353646.80  
   766.53     30.48    314.88     744.75      115.17      -43.20      79.65       123.01       339.44    3.36     543168.37    4353656.79  
   795.52     33.67    314.00     769.31      125.94      -54.20      93.64       137.11       336.72    3.34     543157.37    4353667.56  
   824.39     37.11    313.51     792.85      137.50      -66.27     108.92       152.64       334.27    3.59     543145.30    4353679.12  
   853.83     39.87    312.82     815.89      150.03      -79.64     125.74       169.86       332.04    2.85     543131.93    4353691.65  
   872.00     41.30    310.90     829.69      157.92      -88.44     136.69       181.00       330.75    3.13     543123.13    4353699.54
   882.08     42.10    309.88     837.21      162.26      -93.55     142.97       187.30       330.04    3.13     543118.02    4353703.88  
   910.91     42.57    309.90     858.53      174.71     -108.45     161.20       205.64       328.17    0.49     543103.12    4353716.34  
   939.90     43.19    309.90     879.77      187.37     -123.58     179.73       224.45       326.59    0.64     543087.99    4353728.99  
   968.92     42.93    311.67     900.97      200.31     -138.58     198.22       243.58       325.32    1.28     543072.99    4353741.93  
   998.13     42.55    312.82     922.43      213.64     -153.26     216.54       262.92       324.35    0.89     543058.31    4353755.26  
  1027.23     43.17    312.95     943.76      227.11     -167.76     234.75       282.35       323.55    0.65     543043.81    4353768.73  
  1055.86     43.84    312.93     964.52      240.53     -182.19     252.87       301.74       322.86    0.70     543029.38    4353782.15  
  1084.94     44.45    312.78     985.39      254.31     -197.04     271.51       321.71       322.23    0.64     543014.53    4353795.93  
  1113.91     43.76    312.89    1006.19      268.02     -211.82     290.06       341.62       321.68    0.72     542999.75    4353809.64  
  1142.81     43.08    312.99    1027.18      281.55     -226.36     308.33       361.26       321.20    0.71     542985.20    4353823.17  
  1171.80     42.39    313.21    1048.48      294.99     -240.73     326.40       380.75       320.78    0.73     542970.84    4353836.61  
  1200.90     40.95    313.90    1070.21      308.32     -254.75     344.10       399.95       320.43    1.56     542956.82    4353849.94  
  1229.64     40.02    314.02    1092.07      321.27     -268.18     361.13       418.49       320.15    0.97     542943.39    4353862.89  
  1258.63     40.75    314.22    1114.15      334.35     -281.67     378.24       437.18       319.89    0.77     542929.90    4353875.97  
  1289.11     41.36    314.47    1137.14      348.34     -295.98     396.45       457.11       319.65    0.62     542915.59    4353889.96  
  1316.60     41.90    314.45    1157.68      361.13     -309.02     413.05       475.30       319.45    0.59     542902.55    4353902.75  
  1345.29     42.54    314.67    1178.93      374.66     -322.75     430.55       494.51       319.26    0.69     542888.82    4353916.28  
  1374.00     43.33    310.79    1199.96      387.92     -337.11     448.55       513.93       319.01    2.88     542874.45    4353929.54
  1374.46     43.34    310.73    1200.29      388.13     -337.35     448.85       514.25       319.00    2.88     542874.21    4353929.75  
  1406.33     45.29    306.48    1223.10      402.00     -354.75     469.92       536.15       318.57    3.34     542856.82    4353943.62  
  1432.08     46.77    304.81    1240.97      412.80     -369.81     487.75       554.22       318.14    2.22     542841.76    4353954.42  
  1460.93     48.60    301.89    1260.40      424.51     -387.63     508.48       574.87       317.60    2.94     542823.94    4353966.13  
  1489.99     50.49    298.25    1279.26      435.58     -406.77     530.23       595.98       316.96    3.46     542804.80    4353977.20  
  1518.88     51.89    294.84    1297.37      445.63     -426.90     552.58       617.12       316.23    3.12     542784.66    4353987.25  
  1548.04     53.52    292.17    1315.04      454.88     -448.17     575.73       638.57       315.43    2.75     542763.39    4353996.50  
  1576.98     55.12    288.44    1331.92      463.03     -470.22     599.23       659.92       314.56    3.55     542741.35    4354004.65  
  1584.00     55.11    288.20    1335.93      464.84     -475.68     604.98       665.09       314.34    0.85     542735.88    4354006.46
  1605.70     55.09    287.45    1348.35      470.28     -492.63     622.77       681.06       313.67    0.85     542718.94    4354011.90  
  1634.38     55.05    287.38    1364.77      477.32     -515.06     646.26       702.23       312.82    0.07     542696.51    4354018.94  
  1663.01     53.79    287.88    1381.43      484.37     -537.25     669.53       723.36       312.04    1.39     542674.32    4354025.99  
  1691.32     53.03    288.06    1398.30      491.38     -558.88     692.25       744.18       311.32    0.82     542652.69    4354033.00  
  1694.00     52.95    287.77    1399.92      492.04     -560.91     694.39       746.14       311.26    2.78     542650.66    4354033.66
  1720.04     52.18    284.88    1415.75      497.85     -580.75     715.02       764.94       310.61    2.78     542630.82    4354039.48  
  1748.73     52.33    281.09    1433.31      502.95     -602.85     737.54       785.10       309.84    3.14     542608.72    4354044.57  
  1777.24     53.75    278.00    1450.46      506.72     -625.31     759.95       804.85       309.02    3.00     542586.26    4354048.34  
  1807.01     56.24    273.98    1467.54      509.25     -649.55     783.62       825.38       308.10    4.16     542562.02    4354050.87  
  1834.54     58.90    271.78    1482.30      510.41     -672.76     805.85       844.47       307.19    3.53     542538.81    4354052.03  
  1864.33     62.90    270.57    1496.79      510.94     -698.77     830.51       865.65       306.17    4.17     542512.79    4354052.56  
  1892.51     66.01    268.33    1508.94      510.69     -724.19     854.34       886.15       305.19    3.95     542487.37    4354052.31  
  1919.73     67.54    266.46    1519.67      509.55     -749.18     877.46       906.04       304.22    2.54     542462.39    4354051.17  
  1948.51     69.13    264.92    1530.30      507.54     -775.85     901.88       927.11       303.19    2.23     542435.72    4354049.16  
  1977.12     72.29    264.71    1539.75      505.10     -802.74     926.35       948.43       302.18    3.32     542408.83    4354046.72  
  2006.88     76.42    263.70    1547.77      502.20     -831.24     952.19       971.17       301.14    4.28     542380.33    4354043.82  
  2033.67     78.91    262.71    1553.50      499.11     -857.23     975.59       991.94       300.21    2.99     542354.34    4354040.73  
  2063.01     81.13    262.90    1558.58      495.49     -885.89    1001.34      1015.05       299.22    2.28     542325.67    4354037.11  
  2083.00     82.27    263.12    1561.47      493.08     -905.53    1019.00      1031.07       298.57    1.74     542306.04    4354034.70
  2098.19     83.14    263.28    1563.39      491.30     -920.49    1032.47      1043.39       298.09    1.74     542291.08    4354032.92  
  2126.63     85.10    264.42    1566.31      488.27     -948.61    1057.91      1066.90       297.24    2.39     542262.95    4354029.89  
  2154.16     86.79    264.99    1568.25      485.73     -975.96    1082.78      1090.15       296.46    1.94     542235.61    4354027.35  
  2182.91     87.74    263.05    1569.63      482.74    -1004.52    1108.64      1114.49       295.67    2.25     542207.05    4354024.36  
  2212.26     88.60    260.43    1570.56      478.53    -1033.54    1134.52      1138.95       294.84    2.82     542178.02    4354020.15  
  2240.67     87.99    257.99    1571.41      473.21    -1061.44    1158.97      1162.14       294.03    2.65     542150.13    4354014.83  
  2270.10     87.97    254.17    1572.45      466.14    -1089.98    1183.43      1185.47       293.15    3.89     542121.59    4354007.76  
  2297.49     87.94    253.02    1573.42      458.40    -1116.24    1205.52      1206.70       292.33    1.26     542095.33    4354000.02  
  2325.62     87.85    252.71    1574.46      450.12    -1143.10    1227.99      1228.53       291.49    0.34     542068.47    4353991.74  
  2347.00     87.50    252.71    1575.33      443.77    -1163.50    1245.03      1245.26       290.88    0.49     542048.07    4353985.39
